4
8
16
22
35
42
55
68
90
108
128
152
168
200
219
257
279
317
341
387
416
460
495
543
579
636
679
732
770
830
881
947
997
1070
1125
1197
1263
1333
1400
1467
1546
1612
1696
1765
1851
1912
2010
2072
2183
2250
2377
2435
2566
2625
2748
2815
2940
3016
3144
3226
3341
3469
3597
3740
3859
4000
4115
4252
4327
4464
4534
4668
4734
4866
4923
5057
5107
5244
5284
5415
5469
5592
5642
5754
5797
5904
5942
6047
6092
6186
6233
6322
6363
6448
6492
6574
6617
6700
6727
6805
6838
6907
6937
7002
7027
7091
7112
7174
7193
7242
7257
7307
7320
7366
7376
7418
7424
7463
7466
7504
7504
7540
7533
7564
7554
7581
7568
7592
7577
7596
7577
7596
7577
7596
7577